0.776695
0.616582
0.908711
0.512560
0.659898
0.954792
0.642390
0.604943
0.692811
0.667460
0.928192
0.913439
0.791057
0.810097
0.793916
0.720418
0.736164
0.659496
0.946487
0.666419
0.774420
0.575974
0.928646
0.915989
0.648996
0.824730
0.779504
0.826240
0.931559
0.542516
0.997135
0.866113
0.869510
0.793775
0.519672
0.720307
0.624623
0.696363
0.633918
0.596739
0.768109
0.544882
0.842591
0.666183
0.843216
0.865654
0.539912
0.929408
0.685512
0.789595
0.932822
0.998341
0.806468
0.822253
0.561272
0.638262
0.894722
0.864916
0.662179
0.521304
0.827736
0.945846
0.737415
0.795882
0.517138
0.688818
0.810174
0.909294
0.827946
0.976487
0.687218
0.785370
0.559790
0.594565
0.660078
0.890074
0.759636
0.679708
0.873935
0.984266
0.791991
0.524072
